{
  'anger': 0.0029279697, 
  'disgust': 0.0015137086, 
  'fear': 0.009206558, 
  'joy': 0.99742717, 
  'sadness': 0.009213082, 
  'dominant_emotion': 'joy'
}
